layout_spectrum: 0.8482385
typography_spectrum: 0.5680851
color:
  lightness: 0.1941168
  brandStrength: 0.3094635
  saturation: 0.04718399
  rhythmicContrast: 0.8254707
name: Molly Porter
